00110100000000100000000000000100
00111100000001000000000000010001
00000000000000000000000000001011
00110100000000100000000000000101
00000000000000000000000000001100
00000000000000100100000000100001
00110100000000100000000000000100
00111100000000010000000000010001
00110100001001000000000000010001
00000000000000000000000000001011
00110100000000110000000000000101
00000000000000000000000000001100
00000000000000100100100000100001
00000001000010010101000000100000
00000001000010010101100000100010
00110100000000100000000000000100
00111100000000010000000000010001
00110100001001000000000000110101
00000000000000000000000000001011
00000000000010100010000000100001
00110100000000100000000000000001
00000000000000000000000000001011
00110100000000100000000000000100
00111100000000010000000000010001
00110100001001000000000001001101
00000000000000000000000000001011
00110100000000100000000000000100
00111100000000010000000000010001
00110100001001000000000001001111
00000000000000000000000000001011
00000000000010110010000000100001
00110100000000100000000000000001
00000000000000000000000000001011
00110100000000100000000000001010
00000000000000000000000000001011
00110100000000100000000000001010
00000000000000000000000000001010
