010011100110000101110001011101000110010101110010001000000110111101101110011001110110010001100001001000000111011101101111011100100110010100100000011011100110010101110011001000000111011101101111011100100111001100100000011011100110010101110011001000000111010001101111001000000110111101110101001000000100100001
010001000110100101100011011101000110010101110010001000000110111101101110011001110110010001100001001000000111001101101111011001110111001000100000011011100110010101110011001000000111011101101111011100100111001100100000011011100110010101110011001000000111010001101111001000000111001101100101011101010110010100100000001110100011010000110111101110010011011110110111001100111001000000100100001
010011110010000001001001011001010111001101110100011001010010000001100100011000010110111001100100011000010111001000100000011100110111010101100011011011110110010000100000011100110110111101101100011001010010000001110011011011000110010101110010001000000110000101100110011001010010000001110011011011110111001001100101011100100010000001110011011100000110000101101110011011000110100101101110001000000100100001
0011000100110000
01001111001000000100100101100101011100110111010001100101001000000100100101100101011100110110000101101110011000010111010000100000011001000110010101110011011001010111001000100000011000010111001001101001011100110110100000100000011001010110110001100101001000000111001101110000011000010110111001101100011001010110110000100000011101000110100001100101001000000110010101110010001000000100010001
00110100000000100000000000000100
00111100000001000000000000010001
00000000000000000000000000001011
00110100000000100000000000000101
00000000000000000000000000001100
00000000000000100100000000100001
00110100000000100000000000000100
00111100000000010000000000010001
00110100001001000000000000010001
00000000000000000000000000001011
00110100000000110000000000000101
00000000000000000000000000001100
00000000000000100100100000100001
00000001000010010101000000100000
00000001000010010101100000100010
00110100000000100000000000000100
00111100000000010000000000010001
00110100001001000000000000110101
00000000000000000000000000001011
00000000000010100010000000100001
00110100000000100000000000000001
00000000000000000000000000001011
00110100000000100000000000000100
00111100000000010000000000010001
00110100001001000000000001001101
00000000000000000000000000001011
00110100000000100000000000000100
00111100000000010000000000010001
00110100001001000000000001001111
00000000000000000000000000001011
00000000000010110010000000100001
00110100000000100000000000000001
00000000000000000000000000001011
00110100000000100000000000001010
00000000000000000000000000001011
00110100000000100000000000001010
00000000000000000000000000001010
